# Created by Octave 4.0.2, Sat Aug 27 07:14:55 2016 CST <bluexdev@bogon>
# name: v
# type: matrix
# rows: 10
# columns: 1
 3434
 3434
 5454
 9934
 3412
 2329
 2332
 3495
 7645
 4346


